197
73
16
177
173
204
45
245
286
154
44
37
183
108
295
140
21
148
55
300
194
121
51
259
37
30
229
327
300
243
272
272
276
139
139
28
197
191
297
297
194
194
1
149
127
12
12
185
139
245
9
9
192
321
206
247
185
81
280
89
274
109
93
59
59
250
253
14
52
49
253
270
143
49
181
202
62
259
260
224
264
270
194
33
203
319
204
319
319
307
76
23
23
21
41
15
41
55
6
182
173
140
140
215
229
94
7
94
323
234
234
300
13
263
206
67
329
329
35
55
268
283
8
283
294
273
113
194
121
145
313
244
202
108
15
279
319
188
19
19
184
306
317
51
267
209
64
220
140
295
94
225
103
109
103
103
109
241
112
6
122
122
31
55
122
238
238
255
254
142
238
122
122
22
289
80
302
274
253
253
54
191
14
162
92
148
253
253
169
288
60
301
150
321
45
188
135
238
121
219
219
178
72
69
40
207
207
183
183
188
185
12
244
168
218
147
29
143
165
165
137
286
266
66
320
15
41
164
298
126
185
304
164
185
185
117
310
80
221
287
82
37
313
8
295
4
148
218
328
144
317
76
41
34
42
17
137
137
207
222
280
295
265
259
205
241
250
125
192
9
262
76
289
301
12
296
117
6
185
106
7
109
93
182
1
106
274
166
33
262
28
9
288
30
148
139
288
289
51
126
183
183
78
246
194
181
49
246
116
191
45
133
76
21
15
15
15
314
247
194
15
200
235
188
300
108
138
290
87
295
154
168
186
81
197
110
194
334
228
271
159
218
201
157
204
323
173
133
39
209
177
148
215
94
293
194
231
253
100
169
232
235
63
76
212
145
274
126
268
212
307
107
51
188
224
224
94
197
108
304
253
54
108
120
121
15
296
40
149
183
253
253
94
148
117
328
194
273
147
250
246
320
197
191
194
183
121
270
69
245
121
80
55
110
45
45
9
150
122
188
100
169
200
108
276
36
267
179
83
87
37
65
328
37
295
37
183
194
322
140
140
52
247
206
307
259
29
253
49
194
14
49
306
326
270
2
33
99
204
307
76
15
196
107
194
140
218
235
168
113
91
6
202
149
287
271
165
155
13
108
108
20
20
94
333
97
94
247
134
305
259
126
115
188
138
270
194
121
121
241
207
17
207
211
296
237
194
12
107
111
89
148
115
71
168
8
7
109
20
173
173
229
258
188
33
94
135
135
265
295
17
17
134
257
105
82
313
251
139
237
245
262
267
143
148
76
5
4
45
45
207
260
80
274
1
25
323
335
36
304
19
99
252
317
191
59
239
276
182
320
211
198
317
169
1
235
67
223
314
319
